  2.529 17.120  7.500 34.381 23.777 36.795 26.377
 17.120  2.506 21.501 35.607 32.238 33.524 27.286
  7.500 21.501  2.485 29.241 17.476 33.453 22.101
 34.381 35.607 29.241  2.499 17.874 14.207 11.101
 23.777 32.238 17.476 17.874  2.448 23.326 18.000
 36.795 33.524 33.453 14.207 23.326  2.499 19.489
 26.377 27.286 22.101 11.101 18.000 19.489  2.445
