  2.541 18.354  7.854 37.116 26.549 38.195 31.185
 18.354  2.500 21.953 40.196 36.135 36.238 32.710
  7.854 21.953  2.483 30.568 19.743 33.618 25.058
 37.116 40.196 30.568  2.394 16.140 14.519 11.099
 26.549 36.135 19.743 16.140  2.472 23.347 18.329
 38.195 36.238 33.618 14.519 23.347  2.508 18.524
 31.185 32.710 25.058 11.099 18.329 18.524  2.527
