  2.480 17.208  7.490 36.253 31.977 31.506 29.578
 17.208  2.487 20.869 34.376 36.833 23.795 29.469
  7.490 20.869  2.505 31.731 26.772 29.774 24.469
 36.253 34.376 31.731  2.416 16.109 14.806 11.430
 31.977 36.833 26.772 16.109  2.455 24.027 19.047
 31.506 23.795 29.774 14.806 24.027  2.529 17.966
 29.578 29.469 24.469 11.430 19.047 17.966  2.500
