  2.507 17.278  7.521 33.363 22.468 36.857 26.833
 17.278  2.475 21.793 36.654 31.792 34.429 28.649
  7.521 21.793  2.525 27.768 16.018 33.171 22.506
 33.363 36.654 27.768  2.398 16.458 14.418 11.463
 22.468 31.792 16.018 16.458  2.423 23.715 18.453
 36.857 34.429 33.171 14.418 23.715  2.472 18.822
 26.833 28.649 22.506 11.463 18.453 18.822  2.465
