  2.490 18.624  7.726 36.263 30.382 32.972 28.296
 18.624  2.481 21.387 33.472 35.059 23.984 27.272
  7.726 21.387  2.515 30.719 24.299 30.134 22.637
 36.263 33.472 30.719  2.417 16.488 15.065 11.265
 30.382 35.059 24.299 16.488  2.484 23.275 18.365
 32.972 23.984 30.134 15.065 23.275  2.516 18.076
 28.296 27.272 22.637 11.265 18.365 18.076  2.478
