  2.506 17.467  7.593 33.464 23.507 36.913 26.301
 17.467  2.498 21.721 33.887 31.716 33.210 25.784
  7.593 21.721  2.489 28.447 16.897 33.369 22.620
 33.464 33.887 28.447  2.489 17.284 14.557 11.253
 23.507 31.716 16.897 17.284  2.515 23.211 18.801
 36.913 33.210 33.369 14.557 23.211  2.506 20.686
 26.301 25.784 22.620 11.253 18.801 20.686  2.459
