  2.472 17.876  7.587 35.481 29.794 33.083 27.779
 17.876  2.515 21.697 42.326 38.631 34.080 37.599
  7.587 21.697  2.523 28.767 24.756 27.631 20.623
 35.481 42.326 28.767  2.417 16.546 13.770 11.115
 29.794 38.631 24.756 16.546  2.454 22.775 18.206
 33.083 34.080 27.631 13.770 22.775  2.523 17.846
 27.779 37.599 20.623 11.115 18.206 17.846  2.496
