  2.528 16.600  7.783 36.065 30.400 32.687 27.252
 16.600  2.431 19.639 34.150 35.527 25.867 27.822
  7.783 19.639  2.514 30.391 24.847 29.666 21.091
 36.065 34.150 30.391  2.481 19.156 14.954 10.977
 30.400 35.527 24.847 19.156  2.523 23.117 18.801
 32.687 25.867 29.666 14.954 23.117  2.541 18.460
 27.252 27.822 21.091 10.977 18.801 18.460  2.546
